1 : 8 70
7 : 6 71
16 : 42 55
21 : 25 61
34 : 65 68
44 : 27 41
53 : 525 586
59 : 10 96
66 : 31 97
104 : 94 137
119 : 5 56
128 : 43 78
139 : 45 75
150 : 170 253
171 : 36 135
187 : 58 333
190 : 442 452
191 : 241 309
197 : 276 282
200 : 533 835
205 : 622 914
231 : 63 72
235 : 177 484
249 : 357 398
260 : 857 882
261 : 86 95
273 : 3 112
283 : 188 307
284 : 101 181
295 : 337 716
296 : 15 22
298 : 110 136
312 : 132 186
322 : 412 610 795 944 620 12 979 832 413 102 54 883 891 703 143 367 783 970 744 258 687 299 1019 169 445 268 101 877 556 706 432 889 778 1071 999 680 38 626 436 81 553 1006 740 578 254 810 679 863 674 498 513 394 466 842 959 153 773 1004 1003 361 405 975 110 957 354 545 550 729 414 156 346 637 59 1039 216 546 138 328 627 1067 639 489 942 861 372 315 829 452 316 98 65 1066 665 899 300 925 200 784 222 31 850 675 928 994 828 356 385 1058 94 190 574 733 845 362 777 57 605 1016 570 884 193 357 648 1044 503 796 507 482 403 347 118 285 264 735 741 137 490 567 480 366 404 1081 868 75 478 772 563 399 525 963 157 908 443 1083 840 700 630 603 68 393 492 873 659 669 434 111 721 958 397 26 135 387 702 5 551 825 644 239 1030 303 524 392 47 660 495 677 46 643 1061 255 1068 78 39 312 484 544 242 183 339 420 952 108 598 439 961 486 114 389 1063 382 198 841 905 1040 1010 755 180 155 144 491 930 758 613 1078 708 15 857 1011 368 25 645 179 854 774 608 623 402 1025 141 526 248 386 894 150 49 1084 288 435 906 199 1056 1038 291 716 29 807 619 227 561 932 1070 280 27 292 319 294 788 1001 447 756 749 876 584 284 451 929 664 704 1079 178 296 247 586 562 730 678 851 321 461 61 695 761 986 734 107 189 388 375 343 987 960 803 276 742 582 40 765 170 808 203 560 966 182 17 205 534 824 1033 306 376 892 554 1014 322 826 1082 171 1002 9 196 344 776 747 251 711 723 985 370 588 600 506 922 805 1 769 64 10 249 89 438 28 8 119 1085 785 990 872 165 900 44 885 53 32 378 968 501 48 13 318 880 515 504 633 232 692 701 736 634 583 1036 204 1022 302 429 651 878 191 514 938 649 323 599 217 145 638 37 813 819 287 798 520 625 982 886 122 737 595 919 831 882 127 330 7 243 298 85 419 972 161 240 1051 924 487 983 358 688 1015 997 727 16 794 457 838 90 105 910 260 682 310 353 212 856 340 86 282 398 130 993 496 406 870 697 752 337 433 890 602 943 860 317 363 698 409 589 822 725 617 739 780 542 1055 82 164 4 502 792 833 1077 465 689 166 208 426 965 283 923 581 915 956 214 768 847 91 951 97 364 806 921 667 342 853 642 549 770 893 1007 666 511 95 839 233 799 904 67 530 612 978 907 529 185 92 537 261 125 2 348 226 715 866 1026 657 211 215 187 202 352 19 383 818 278 62 494 225 754 901 131 162 380 416 953 590 350 1037 858 136 219 66 70 338 616 223 1021 552 120 1027 6 811 411 263 160 381 936 939 58 624 753 425 875 459 142 871 802 167 577 56 654 1057 218 738 133 1009 946 209 79 786 1035 1047 509 256 1017 134 879 51 557 844 969 538 469 523 945 611 707 527 781 881 267 869 934 177 446 128 320 683 767 647 500 555 313 35 536 522 609 1020 175 1041 920 453 1013 895 573 274 565 30 481 1018 566 690 146 670 662 696 592 20 159 575 991 290 301 1049 809 947 977 661 55 311 1054 967 173 395 408 935 244 719 234 41 650 336 933 423 33 1072 902 1012 532 676 154 1062 1028 535 517 186 632 277 849 197 699 117 789 428 759 596 834 917 52 720 980 817 1031 568 926 931 820 421 1086 281 717 898 1045 693 1046 345 22 800 88 140 989 782 415 673 764 286 253 329 3 210 129 519 266 594 771 235 168 541 745 308 467 614 11 174 126 604 472 835 450 1076 984 763 718 250 628 709 757 377 743 848 668 618 988 830 45 814 748 973 815 407 641 104 859 597 766 23 477 543 371 349 710 149 746 181 927 270 516 83 691 307 257 293 87 1059 21 69 941 184 365 762 373 1024 996 297 540 1073 658 355 479 896 724 937 158 671 992 1043 1050 843 790 271 548 441 483 601 631 852 265 151 685 918 887 279 334 615 571 259 559 351 431 60 732 228 172 564 468 206 653 326 272 1042 1065 289 476 396 113 305 444 430 485 273 391 124 74 579 837 84 207 821 201 533 463 332 816 462 974 964 77 1064 241 449 76 448 510 427 109 440 812 823 497 369 42 539 804 585 518 295 787 132 962 43 231 635 646 424 123 864 464 1034 417 955 324 971 327 194 456 314 911 488 912 916 775 24 238 71 139 712 229 591 304 521 14 607 867 572 112 236 195 714 442 252 1029 1053 374 93 836 750 640 63 655 116 862 751 713 50 508 606 903 213 1069 80 793 455 1060 728 505 827 1074 325 576 474 846 726 888 622 188 684 954 121 99 547 629 400 995 359 163 475 940 569 458 1048 913 636 531 224 950 460 1005 1000 663 100 471 580 275 418 694 1075 148 246 948 1023 335 176 587 686 493 96 621 760 152 36 473 528 909 220 791 401 672 499 855 722 976 341 245 115 897 801 454 1052 705 34 147 269 106 1032 422 865 949 237 410 379 262 470 731 797 981 72 779 230 593 1080 384 221 558 1008 331 998 512 656 309 437 73 103 681 652 914 18 192 333 360 874 390
349 :
350 :
353 :
356 :
363 :
365 :
366 :
368 :
387 :
399 :
408 :
430 :
435 :
437 :
446 :
451 : 98 48 560 53 97 747 38 467 821 899 413 664 372 573 280 616 972 607 61 110 351 1058 763 85 655 525 287 312 505 1022 449 894 1009 303 571 613 270 924 928 1037 107 649 738 156 931 170 128 1019 653 20 862 1050 901 412 970 336 1005 581 598 850 205 637 231 26 776 654 60 689 707 761 127 154 181 10 644 378 282 175 206 225 256 172 929 348 86 380 545 789 321 839 998 214 436 1014 961 638 801 912 59 473 690 45 748 584 503 446 1026 945 969 622 417 261 79 323 872 299 392 558 580 553 212 794 36 605 419 345 746 167 474 708 491 456 563 548 626 826 379 915 363 162 220 1038 80 183 71 572 204 554 216 368 327 1039 105 239 1012 697 871 462 601 164 561 824 455 18 166 277 1057 57 328 531 492 555 984 121 883 679 335 138 207 914 46 540 139 692 948 158 1087 486 1047 290 524 64 512 985 389 860 636 1027 825 375 726 671 366 958 480 938 66 910 769 975 849 559 58 113 432 971 925 155 101 137 963 369 762 715 847 549 597 683 30 706 591 371 210 7 361 673 509 840 450 445 668 75 217 302 211 148 483 408 682 631 292 677 845 496 131 147 189 659 976 757 102 818 625 257 17 957 362 727 1071 373 728 1076 249 478 710 364 275 461 338 675 125 533 1 259 765 11 898 1008 797 394 502 5 228 786 603 55 643 1089 325 733 438 12 867 606 63 1063 377 529 615 632 62 132 29 187 1021 2 176 130 116 500 374 808 223 750 221 402 1023 518 907 403 609 238 1080 585 198 897 987 415 699 1046 173 951 964 986 807 878 618 234 528 1025 229 514 1062 628 393 760 620 276 122 1020 827 246 564 51 935 773 1075 630 698 729 315 992 1067 418 889 783 337 35 423 562 425 1040 723 76 891 592 230 911 577 291 8 37 510 52 49 443 784 974 56 192 956 785 191 94 927 670 145 254 81 920 988 532 84 526 244 416 743 982 481 937 725 517 397 803 106 466 179 197 1077 993 657 142 895 269 354 530 856 441 828 266 1032 830 34 781 322 1001 772 1002 1069 391 662 684 908 876 820 617 339 513 411 902 22 641 1068 430 944 350 359 645 409 365 50 1085 608 611 182 485 422 819 243 542 501 950 1070 874 507 857 508 1041 129 864 861 521 973 835 6 1088 886 960 458 233 463 704 215 731 566 330 258 468 854 120 202 978 717 346 877 550 333 1048 297 31 104 19 235 734 248 656 999 439 1028 817 880 790 421 921 943 283 947 844 96 494 309 188 766 621 307 308 344 522 674 1036 83 755 959 267 15 241 535 1016 464 966 990 453 952 117 753 340 594 311 493 67 273 843 739 208 833 295 968 713 410 82 255 672 624 810 994 823 168 650 298 1004 588 719 1066 736 778 40 352 370 838 665 520 157 980 767 108 25 842 222 629 159 896 893 100 718 143 424 855 619 358 195 569 4 768 676 103 475 557 434 227 78 87 88 892 721 504 260 815 396 319 696 73 151 442 787 936 1072 546 334 399 693 678 42 752 388 199 342 859 136 879 977 431 149 218 811 1060 586 395 13 471 740 265 939 1078 851 858 169 737 909 140 1010 1043 946 165 538 178 614 263 720 716 324 236 941 568 414 841 745 341 574 1083 304 788 133 305 44 135 1042 536 875 744 118 814 578 447 1031 775 314 906 651 600 476 487 905 527 701 1084 634 777 357 595 663 1018 870 264 477 590 1052 853 576 687 457 551 730 470 648 661 627 385 759 652 115 567 541 301 635 47 1054 119 126 918 479 112 404 709 705 596 497 780 499 326 1079 711 804 749 782 245 758 582 923 383 791 196 1045 356 633 587 890 185 1015 482 272 604 317 452 109 407 685 1035 242 639 996 1033 329 454 224 381 724 262 289 465 822 770 488 754 495 240 193 967 405 865 65 355 544 89 965 579 809 68 933 460 200 288 1044 688 543 881 519 123 203 400 589 714 583 793 95 54 903 539 694 459 353 832 926 161 39 250 888 153 1074 831 837 602 942 1065 91 702 23 72 979 846 420 93 398 469 437 313 642 934 367 806 390 440 271 28 332 331 868 646 756 612 451 70 712 268 913 669 981 360 349 296 852 41 575 953 593 904 347 866 1034 27 306 293 171 816 1064 722 300 983 623 647 490 134 124 1011 433 516 848 1051 741 795 869 21 547 1000 802 316 873 779 435 1081 1013 735 247 146 382 144 201 386 160 884 69 1056 989 219 796 180 1055 174 666 774 33 43 534 919 680 209 92 900 253 1017 836 152 1029 274 14 448 556 805 194 792 279 426 16 318 570 932 320 691 565 885 658 387 991 1082 281 962 427 695 294 251 863 742 995 114 751 660 1059 1073 599 278 252 406 640 940 429 150 523 764 667 286 376 99 771 428 3 310 506 610 813 1030 732 799 24 472 681 163 184 917 552 141 77 511 1006 887 237 916 954 882 800 384 515 703 1049 284 186 930 32 190 1003 90 834 949 285 1007 686 9 213 444 1053 1061 829 232 997 922 498 111 1086 798 226 489 537 343 812 700 401 177 1024 484 74 955
459 :
477 :
523 :
532 :
538 :
551 :
557 :
575 :
577 :
594 :
596 :
620 :
624 :
629 :
635 :
637 :
643 :
653 :
668 :
673 :
675 :
691 :
706 :
712 :
726 :
745 :
757 :
760 :
764 :
782 :
787 :
790 :
792 :
801 :
823 :
829 :
831 :
833 :
851 :
859 :
860 :
862 :
871 :
872 :
876 :
878 :
894 :
895 :
901 :
918 :
929 :
940 :
941 :
947 :
956 :
981 :
985 :
997 :
1025 :
1031 :
1073 :
1075 :
