1 : 8 384
7 : 6 223
16 : 42 146
21 : 25 652
34 : 65 68
44 : 27 485
53 : 525
59 : 10 132
66 : 31 182
104 : 41 521
119 : 5 103
128 : 43 214
139 : 45 193
150 : 61 767
171 : 36 491
187 : 58
190 : 333
191 : 241 309
197 : 94 598
200 : 442
205 : 622
231 : 63 173
235 : 135 493
249 : 170 785
260 : 452
261 : 71 225
273 : 3 684
283 : 188 423
284 : 86 372
295 : 337
296 : 15 48
298 : 97 308
312 : 96 186
322 : 716
349 : 30 143
350 : 586
353 : 78 233
356 : 75 342
363 : 95 453
365 : 253 810
366 : 70 431
368 : 137 615
387 : 72 216
399 : 276 731
408 : 533
430 : 357 818
435 : 19 111
437 : 835
446 : 398
451 : 55 162
459 : 914
477 : 621
523 : 52 99
532 : 282 811
538 : 56 126
551 : 302 883
557 :
575 : 112
577 : 1086
594 : 12 121
596 : 17 77
620 : 90 936
624 : 2 118
629 : 49 154
635 : 62 370
637 : 101 476
643 : 93 385
653 : 857
668 : 125 252
673 : 465
675 : 130 257
691 : 735
706 : 177 511
712 : 882
726 : 127 246
745 : 4 131
757 : 85 164
760 : 359 898
764 : 504
782 : 307 546
787 : 1046
790 : 107 393
792 : 114 237
799 : 22 60
801 : 74 123
823 : 484 847
829 : 145 258
831 : 449
833 : 348 552
851 : 13 50
859 : 116 402
860 : 122 259
862 :
864 : 160 269
871 : 69 106
872 : 141
876 : 79 392
878 : 51 124
894 : 470
895 : 181 512
901 : 996
918 : 304
929 : 89 161
940 : 38 153
941 : 35 67
947 : 64 133
956 : 371 925
981 : 81 148
985 : 535
997 : 110 332
1025 : 157 425
1031 : 136 375
1073 : 364 489
1075 : 105 152
